{
	"ref": "Skeleton0",
	"Name": "Base_HumanPelvis_skeleton",
	"Joints": [
		{
			"Name": "Base_HumanPelvis",
			"Index": 0,
			"ParentIndex": -32768,
			"InverseBindPose": {
				"Translation": [
					-129.82339477539062,
					3.2016000094114982e-12,
					-1.8110400332171928e-12
				],
				"Scale": [
					1,
					1,
					1
				],
				"Rotation": [
					0,
					0,
					1,
					1.4537799783442829e-11,
					-1,
					0,
					1,
					1.4537799783442829e-11,
					0
				]
			}
		},
		{
			"Name": "Base_HumanLThigh",
			"Index": 1,
			"ParentIndex": 0,
			"InverseBindPose": {
				"Translation": [
					120.76399993896484,
					-9.288143157958984,
					20.742250442504883
				],
				"Scale": [
					1,
					1,
					1
				],
				"Rotation": [
					0.042305439710617065,
					-0.07181237637996674,
					-0.9965205192565918,
					-0.016806310042738914,
					-0.9973235130310059,
					0.07115676254034042,
					-0.9989631772041321,
					0.013737509958446026,
					-0.043399110436439514
				]
			}
		},
		{
			"Name": "Base_HumanLCalf",
			"Index": 2,
			"ParentIndex": 1,
			"InverseBindPose": {
				"Translation": [
					64.1945571899414,
					2.251049041748047,
					21.252439498901367
				],
				"Scale": [
					1,
					1,
					1
				],
				"Rotation": [
					0.05289353057742119,
					0.10378909856081009,
					-0.9931920170783997,
					-0.020376330241560936,
					-0.9942647814750671,
					-0.10498639941215515,
					-0.9983916878700256,
					0.025790689513087273,
					-0.05047529935836792
				]
			}
		},
		{
			"Name": "Base_HumanLFoot",
			"Index": 3,
			"ParentIndex": 2,
			"InverseBindPose": {
				"Translation": [
					11.708479881286621,
					-10.504010200500488,
					20.268869400024414
				],
				"Scale": [
					1,
					1,
					1
				],
				"Rotation": [
					-0.19663679599761963,
					-0.8514755964279175,
					-0.4861311912536621,
					-0.13910329341888428,
					-0.46656888723373413,
					0.87347811460495,
					-0.9705588817596436,
					0.23938030004501343,
					-0.026698410511016846
				]
			}
		},
		{
			"Name": "Base_HumanLToe11",
			"Index": 4,
			"ParentIndex": 3,
			"InverseBindPose": {
				"Translation": [
					-22.584760665893555,
					-0.2232787013053894,
					19.920520782470703
				],
				"Scale": [
					1,
					1,
					1
				],
				"Rotation": [
					-0.22428709268569946,
					-0.9745222926139832,
					-0.0011962420539930463,
					0.001174018019810319,
					-0.001497715013101697,
					0.9999980926513672,
					-0.9745224118232727,
					0.2242853045463562,
					0.0014800250064581633
				]
			}
		},
		{
			"Name": "Base_HumanRThigh",
			"Index": 5,
			"ParentIndex": 0,
			"InverseBindPose": {
				"Translation": [
					120.73979949951172,
					-9.43544864654541,
					-20.9460391998291
				],
				"Scale": [
					1,
					1,
					1
				],
				"Rotation": [
					-0.04232040047645569,
					-0.07383523136377335,
					-0.9963722229003906,
					0.019205229356884956,
					-0.9971414804458618,
					0.07307650148868561,
					-0.9989194869995117,
					-0.016042929142713547,
					0.04361744970083237
				]
			}
		},
		{
			"Name": "Base_HumanRCalf",
			"Index": 6,
			"ParentIndex": 5,
			"InverseBindPose": {
				"Translation": [
					64.2298583984375,
					1.816864013671875,
					-21.444530487060547
				],
				"Scale": [
					1,
					1,
					1
				],
				"Rotation": [
					-0.052930619567632675,
					0.0985543504357338,
					-0.9937227964401245,
					0.0189780592918396,
					-0.9948388934135437,
					-0.09967590868473053,
					-0.9984179139137268,
					-0.02413485012948513,
					0.05078709125518799
				]
			}
		},
		{
			"Name": "Base_HumanRFoot",
			"Index": 7,
			"ParentIndex": 6,
			"InverseBindPose": {
				"Translation": [
					11.629260063171387,
					-10.516650199890137,
					-20.508689880371094
				],
				"Scale": [
					1,
					1,
					1
				],
				"Rotation": [
					0.19924640655517578,
					-0.8471589088439941,
					-0.49256739020347595,
					0.14337870478630066,
					-0.47203460335731506,
					0.8698424100875854,
					-0.9694036245346069,
					-0.24393659830093384,
					0.027413370087742805
				]
			}
		},
		{
			"Name": "Base_HumanRToe11",
			"Index": 8,
			"ParentIndex": 7,
			"InverseBindPose": {
				"Translation": [
					-22.26866912841797,
					-0.12442690134048462,
					-20.22307014465332
				],
				"Scale": [
					1,
					1,
					1
				],
				"Rotation": [
					0.2313392013311386,
					-0.9728723764419556,
					-0.001233853050507605,
					0.004665703978389502,
					-0.00015878700651228428,
					0.9999892115592957,
					-0.9728621244430542,
					-0.23134249448776245,
					0.004502399824559689
				]
			}
		},
		{
			"Name": "Base_HumanSpine1",
			"Index": 9,
			"ParentIndex": 0,
			"InverseBindPose": {
				"Translation": [
					-142.54550170898438,
					-21.08428955078125,
					0.029901200905442238
				],
				"Scale": [
					1,
					1,
					1
				],
				"Rotation": [
					0.00021748100698459893,
					0.16264839470386505,
					0.98668372631073,
					0.00010648099851096049,
					-0.98668372631073,
					0.16264839470386505,
					1,
					0.00006969059904804453,
					-0.00023190400679595768
				]
			}
		},
		{
			"Name": "Base_HumanSpine2",
			"Index": 10,
			"ParentIndex": 9,
			"InverseBindPose": {
				"Translation": [
					-159.40980529785156,
					-21.04754066467285,
					0.029332179576158524
				],
				"Scale": [
					1,
					1,
					1
				],
				"Rotation": [
					0.00022538300254382193,
					0.16242089867591858,
					0.9867209196090698,
					0.00001973449980141595,
					-0.9867209792137146,
					0.16242089867591858,
					0.9999998807907104,
					-0.000017134399968199432,
					-0.00022559499484486878
				]
			}
		},
		{
			"Name": "Base_HumanSpine3",
			"Index": 11,
			"ParentIndex": 10,
			"InverseBindPose": {
				"Translation": [
					-179.1929931640625,
					16.08116912841797,
					0.028860950842499733
				],
				"Scale": [
					1,
					1,
					1
				],
				"Rotation": [
					0.0002292220015078783,
					-0.04360051825642586,
					0.9990484714508057,
					0.00005347170008462854,
					-0.9990484118461609,
					-0.04360052943229675,
					0.9999998807907104,
					0.00006341510015772656,
					-0.00022667199664283544
				]
			}
		},
		{
			"Name": "Base_HumanRibcage",
			"Index": 12,
			"ParentIndex": 11,
			"InverseBindPose": {
				"Translation": [
					-202.5655975341797,
					7.256103992462158,
					-0.01659449003636837
				],
				"Scale": [
					1,
					1,
					1
				],
				"Rotation": [
					0,
					0,
					1,
					-5.97383973399701e-8,
					-1,
					0,
					1,
					-5.97383973399701e-8,
					0
				]
			}
		},
		{
			"Name": "Base_HumanLCollarbone",
			"Index": 13,
			"ParentIndex": 12,
			"InverseBindPose": {
				"Translation": [
					55.10017013549805,
					-20.994089126586914,
					191.12249755859375
				],
				"Scale": [
					1,
					1,
					1
				],
				"Rotation": [
					0.42640629410743713,
					0.8704779148101807,
					-0.24585729837417603,
					0.9031757712364197,
					-0.42461469769477844,
					0.06305312365293503,
					-0.04950831085443497,
					-0.24893860518932343,
					-0.9672530889511108
				]
			}
		},
		{
			"Name": "Base_HumanLUpperarm",
			"Index": 14,
			"ParentIndex": 13,
			"InverseBindPose": {
				"Translation": [
					30.160640716552734,
					191.0897979736328,
					22.076169967651367
				],
				"Scale": [
					1,
					1,
					1
				],
				"Rotation": [
					0.9717258214950562,
					0.029032519087195396,
					-0.23432059586048126,
					-0.2254658043384552,
					-0.18054890632629395,
					-0.9573752284049988,
					-0.07010134309530258,
					0.9831374287605286,
					-0.1688981056213379
				]
			}
		},
		{
			"Name": "Base_HumanLForearm",
			"Index": 15,
			"ParentIndex": 14,
			"InverseBindPose": {
				"Translation": [
					-45.56085968017578,
					186.48739624023438,
					12.263110160827637
				],
				"Scale": [
					1,
					1,
					1
				],
				"Rotation": [
					0.9823777079582214,
					-0.18615439534187317,
					0.016752390190958977,
					-0.016913950443267822,
					-0.17780360579490662,
					-0.9839208126068115,
					0.1861398071050644,
					0.9662984013557434,
					-0.1778188943862915
				]
			}
		},
		{
			"Name": "Base_HumanLPalm",
			"Index": 16,
			"ParentIndex": 15,
			"InverseBindPose": {
				"Translation": [
					-102.3656005859375,
					176.13369750976562,
					-27.83218002319336
				],
				"Scale": [
					1,
					1,
					1
				],
				"Rotation": [
					0.9760733842849731,
					-0.18836340308189392,
					0.10862799733877182,
					0.11351460218429565,
					0.015319029800593853,
					-0.993418276309967,
					0.18545949459075928,
					0.9819799065589905,
					0.03633448854088783
				]
			}
		},
		{
			"Name": "Base_HumanLFinger11",
			"Index": 17,
			"ParentIndex": 16,
			"InverseBindPose": {
				"Translation": [
					-49.64387130737305,
					181.88119506835938,
					-86.98623657226562
				],
				"Scale": [
					1,
					1,
					1
				],
				"Rotation": [
					0.6310628056526184,
					-0.7741752862930298,
					-0.04911791905760765,
					0.042675718665122986,
					0.09786961227655411,
					-0.9942839741706848,
					0.7745571136474609,
					0.6253594160079956,
					0.09480032324790955
				]
			}
		},
		{
			"Name": "Base_HumanLFinger12",
			"Index": 18,
			"ParentIndex": 17,
			"InverseBindPose": {
				"Translation": [
					-70.34030151367188,
					178.1959991455078,
					-84.86958312988281
				],
				"Scale": [
					1,
					1,
					1
				],
				"Rotation": [
					0.6524829864501953,
					-0.7577118873596191,
					0.011792209930717945,
					0.07982104271650314,
					0.053244609385728836,
					-0.9953864216804504,
					0.7535877823829651,
					0.6504136919975281,
					0.09522251784801483
				]
			}
		},
		{
			"Name": "Base_HumanLFinger13",
			"Index": 19,
			"ParentIndex": 18,
			"InverseBindPose": {
				"Translation": [
					-91.88400268554688,
					174.0592041015625,
					-79.20142364501953
				],
				"Scale": [
					1,
					1,
					1
				],
				"Rotation": [
					0.6636283993721008,
					-0.7435249090194702,
					0.0822676494717598,
					0.10960540175437927,
					-0.012143000029027462,
					-0.9939010143280029,
					0.7399889826774597,
					0.6685978770256042,
					0.07343591749668121
				]
			}
		},
		{
			"Name": "Base_HumanLFinger21",
			"Index": 20,
			"ParentIndex": 16,
			"InverseBindPose": {
				"Translation": [
					-73.9005126953125,
					193.43150329589844,
					-64.19685363769531
				],
				"Scale": [
					1,
					1,
					1
				],
				"Rotation": [
					0.8544939756393433,
					-0.5116435885429382,
					-0.08978232741355896,
					-0.037776559591293335,
					0.11117400228977203,
					-0.9930828809738159,
					0.518085777759552,
					0.8519749045372009,
					0.07566934078931808
				]
			}
		},
		{
			"Name": "Base_HumanLFinger22",
			"Index": 21,
			"ParentIndex": 20,
			"InverseBindPose": {
				"Translation": [
					-46.677459716796875,
					204.5388946533203,
					-63.0908203125
				],
				"Scale": [
					1,
					1,
					1
				],
				"Rotation": [
					0.822242796421051,
					-0.511888325214386,
					-0.24877110123634338,
					-0.17987030744552612,
					0.18097619712352753,
					-0.9668995141983032,
					0.5399662256240845,
					0.8397725820541382,
					0.05673282966017723
				]
			}
		},
		{
			"Name": "Base_HumanLFinger23",
			"Index": 22,
			"ParentIndex": 21,
			"InverseBindPose": {
				"Translation": [
					-98.85619354248047,
					186.70140075683594,
					-62.96057891845703
				],
				"Scale": [
					1,
					1,
					1
				],
				"Rotation": [
					0.862242579460144,
					-0.5057501196861267,
					-0.02747884951531887,
					0.015649959444999695,
					0.08082970231771469,
					-0.9966050982475281,
					0.5062540173530579,
					0.858884871006012,
					0.07760976254940033
				]
			}
		},
		{
			"Name": "Base_HumanLFinger31",
			"Index": 23,
			"ParentIndex": 16,
			"InverseBindPose": {
				"Translation": [
					-96.9693832397461,
					191.64840698242188,
					-31.382070541381836
				],
				"Scale": [
					1,
					1,
					1
				],
				"Rotation": [
					0.9749640822410583,
					-0.2203885018825531,
					-0.029565339908003807,
					-0.020634369924664497,
					0.042716771364212036,
					-0.9988741874694824,
					0.2214033007621765,
					0.9744765162467957,
					0.03709973022341728
				]
			}
		},
		{
			"Name": "Base_HumanLFinger32",
			"Index": 24,
			"ParentIndex": 23,
			"InverseBindPose": {
				"Translation": [
					-91.0326919555664,
					199.5872039794922,
					-18.405170440673828
				],
				"Scale": [
					1,
					1,
					1
				],
				"Rotation": [
					0.9699804186820984,
					-0.22457720339298248,
					-0.09329026192426682,
					-0.09809509664773941,
					-0.010308129712939262,
					-0.9951236844062805,
					0.22252050042152405,
					0.9744018912315369,
					-0.032028600573539734
				]
			}
		},
		{
			"Name": "Base_HumanLFinger33",
			"Index": 25,
			"ParentIndex": 24,
			"InverseBindPose": {
				"Translation": [
					-150.88330078125,
					163.9582061767578,
					1.886260986328125
				],
				"Scale": [
					1,
					1,
					1
				],
				"Rotation": [
					0.9602593183517456,
					-0.1983570009469986,
					0.1963557004928589,
					0.16071879863739014,
					-0.18220040202140808,
					-0.9700376987457275,
					0.22818990051746368,
					0.9630457758903503,
					-0.1430799961090088
				]
			}
		},
		{
			"Name": "Base_HumanLFinger41",
			"Index": 26,
			"ParentIndex": 16,
			"InverseBindPose": {
				"Translation": [
					-109.79010009765625,
					185.60079956054688,
					-3.7890589237213135
				],
				"Scale": [
					1,
					1,
					1
				],
				"Rotation": [
					0.9985570907592773,
					0.04938590154051781,
					0.021095169708132744,
					0.020588919520378113,
					0.01073727011680603,
					-0.9997305274009705,
					-0.04959908872842789,
					0.9987221956253052,
					0.009704976342618465
				]
			}
		},
		{
			"Name": "Base_HumanLFinger42",
			"Index": 27,
			"ParentIndex": 26,
			"InverseBindPose": {
				"Translation": [
					-80.37996673583984,
					203.24200439453125,
					-4.966679096221924
				],
				"Scale": [
					1,
					1,
					1
				],
				"Rotation": [
					0.9867048263549805,
					0.0380377396941185,
					-0.15800879895687103,
					-0.15822020173072815,
					0.002593419048935175,
					-0.987400472164154,
					-0.037148699164390564,
					0.999272882938385,
					0.008577277883887291
				]
			}
		},
		{
			"Name": "Base_HumanLFinger43",
			"Index": 28,
			"ParentIndex": 27,
			"InverseBindPose": {
				"Translation": [
					-130.12010192871094,
					178.23599243164062,
					-2.933828115463257
				],
				"Scale": [
					1,
					1,
					1
				],
				"Rotation": [
					0.9960408210754395,
					0.05219879001379013,
					0.07195378839969635,
					0.07145687937736511,
					0.011327600106596947,
					-0.9973797798156738,
					-0.052877068519592285,
					0.9985724091529846,
					0.007552784867584705
				]
			}
		},
		{
			"Name": "Base_HumanRCollarbone",
			"Index": 29,
			"ParentIndex": 12,
			"InverseBindPose": {
				"Translation": [
					54.916099548339844,
					-21.282550811767578,
					-191.1427001953125
				],
				"Scale": [
					1,
					1,
					1
				],
				"Rotation": [
					-0.4338749945163727,
					0.8669623732566833,
					-0.24521170556545258,
					-0.8995789885520935,
					-0.43198540806770325,
					0.06439238041639328,
					-0.05010206997394562,
					0.2485255002975464,
					0.9673287868499756
				]
			}
		},
		{
			"Name": "Base_HumanRUpperarm",
			"Index": 30,
			"ParentIndex": 29,
			"InverseBindPose": {
				"Translation": [
					29.95945930480957,
					191.17599487304688,
					-21.707189559936523
				],
				"Scale": [
					1,
					1,
					1
				],
				"Rotation": [
					-0.9716566801071167,
					0.03138713911175728,
					-0.2343032956123352,
					0.22518059611320496,
					-0.1787797063589096,
					-0.9577742218971252,
					-0.07195045799016953,
					-0.9833884239196777,
					0.16664470732212067
				]
			}
		},
		{
			"Name": "Base_HumanRForearm",
			"Index": 31,
			"ParentIndex": 30,
			"InverseBindPose": {
				"Translation": [
					-45.62525177001953,
					186.54440307617188,
					-11.854169845581055
				],
				"Scale": [
					1,
					1,
					1
				],
				"Rotation": [
					-0.981963574886322,
					-0.18835189938545227,
					0.016463249921798706,
					0.017345959320664406,
					-0.1764543056488037,
					-0.9841558933258057,
					0.18827269971370697,
					-0.9661198258399963,
					0.17653889954090118
				]
			}
		},
		{
			"Name": "Base_HumanRPalm",
			"Index": 32,
			"ParentIndex": 31,
			"InverseBindPose": {
				"Translation": [
					-102.22650146484375,
					176.42739868164062,
					26.86090087890625
				],
				"Scale": [
					1,
					1,
					1
				],
				"Rotation": [
					-0.9759241938591003,
					-0.18998199701309204,
					0.10713949799537659,
					-0.11091340333223343,
					0.009313013404607773,
					-0.9937865138053894,
					0.1878037005662918,
					-0.9817435145378113,
					-0.030160339549183846
				]
			}
		},
		{
			"Name": "Base_HumanRFinger11",
			"Index": 33,
			"ParentIndex": 32,
			"InverseBindPose": {
				"Translation": [
					-51.999549865722656,
					182.02699279785156,
					85.58992767333984
				],
				"Scale": [
					1,
					1,
					1
				],
				"Rotation": [
					-0.6376382112503052,
					-0.7693229913711548,
					-0.03949351981282234,
					-0.043560728430747986,
					0.08719541877508163,
					-0.9952383041381836,
					0.7691034078598022,
					-0.6328815221786499,
					-0.08911140263080597
				]
			}
		},
		{
			"Name": "Base_HumanRFinger12",
			"Index": 34,
			"ParentIndex": 33,
			"InverseBindPose": {
				"Translation": [
					-63.993709564208984,
					180.7144012451172,
					84.98419952392578
				],
				"Scale": [
					1,
					1,
					1
				],
				"Rotation": [
					-0.6468107104301453,
					-0.7624208927154541,
					-0.018721280619502068,
					-0.057090919464826584,
					0.0728834867477417,
					-0.9957050085067749,
					0.7605108022689819,
					-0.6429638266563416,
					-0.09066913276910782
				]
			}
		},
		{
			"Name": "Base_HumanRFinger13",
			"Index": 35,
			"ParentIndex": 34,
			"InverseBindPose": {
				"Translation": [
					-92.30294036865234,
					175.79100036621094,
					74.81732940673828
				],
				"Scale": [
					1,
					1,
					1
				],
				"Rotation": [
					-0.6815422177314758,
					-0.7278658151626587,
					0.07557926326990128,
					-0.0939667671918869,
					-0.015378570184111595,
					-0.9954562187194824,
					0.7257208228111267,
					-0.685547411441803,
					-0.05791404843330383
				]
			}
		},
		{
			"Name": "Base_HumanRFinger21",
			"Index": 36,
			"ParentIndex": 32,
			"InverseBindPose": {
				"Translation": [
					-63.9463996887207,
					197.0211944580078,
					64.50240325927734
				],
				"Scale": [
					1,
					1,
					1
				],
				"Rotation": [
					-0.8394848704338074,
					-0.5262416005134583,
					-0.1354067027568817,
					0.07947521656751633,
					0.12760239839553833,
					-0.9886360168457031,
					0.5375397205352783,
					-0.8407065272331238,
					-0.06529715657234192
				]
			}
		},
		{
			"Name": "Base_HumanRFinger22",
			"Index": 37,
			"ParentIndex": 36,
			"InverseBindPose": {
				"Translation": [
					-47.76892852783203,
					204.12649536132812,
					63.09212112426758
				],
				"Scale": [
					1,
					1,
					1
				],
				"Rotation": [
					-0.8166376948356628,
					-0.5242282748222351,
					-0.2414281964302063,
					0.17486760020256042,
					0.1739078015089035,
					-0.9691113829612732,
					0.5500218868255615,
					-0.8336309790611267,
					-0.05034909024834633
				]
			}
		},
		{
			"Name": "Base_HumanRFinger23",
			"Index": 38,
			"ParentIndex": 37,
			"InverseBindPose": {
				"Translation": [
					-128.89089965820312,
					169.0458984375,
					57.76581954956055
				],
				"Scale": [
					1,
					1,
					1
				],
				"Rotation": [
					-0.8529766201972961,
					-0.5034158229827881,
					0.13785700500011444,
					-0.1459995061159134,
					-0.023454170674085617,
					-0.9890059232711792,
					0.5011146068572998,
					-0.863726019859314,
					-0.05349262058734894
				]
			}
		},
		{
			"Name": "Base_HumanRFinger31",
			"Index": 39,
			"ParentIndex": 32,
			"InverseBindPose": {
				"Translation": [
					-107.57080078125,
					185.560302734375,
					33.230690002441406
				],
				"Scale": [
					1,
					1,
					1
				],
				"Rotation": [
					-0.9721322059631348,
					-0.23291899263858795,
					0.026604030281305313,
					-0.035279031842947006,
					0.033157650381326675,
					-0.9988272786140442,
					0.23176370561122894,
					-0.9719306826591492,
					-0.04045078158378601
				]
			}
		},
		{
			"Name": "Base_HumanRFinger32",
			"Index": 40,
			"ParentIndex": 39,
			"InverseBindPose": {
				"Translation": [
					-84.02926635742188,
					202.64329528808594,
					21.729780197143555
				],
				"Scale": [
					1,
					1,
					1
				],
				"Rotation": [
					-0.9620440006256104,
					-0.2415912002325058,
					-0.1269059032201767,
					0.12924440205097198,
					0.0062096212059259415,
					-0.9915933012962341,
					0.2403482049703598,
					-0.9703583121299744,
					0.025250380858778954
				]
			}
		},
		{
			"Name": "Base_HumanRFinger33",
			"Index": 41,
			"ParentIndex": 40,
			"InverseBindPose": {
				"Translation": [
					-127.69080352783203,
					182.19920349121094,
					-13.73878002166748
				],
				"Scale": [
					1,
					1,
					1
				],
				"Rotation": [
					-0.9709808826446533,
					-0.23000319302082062,
					0.06553695350885391,
					-0.013285130262374878,
					-0.2217358946800232,
					-0.9750161170959473,
					0.2387886941432953,
					-0.9475926756858826,
					0.21224580705165863
				]
			}
		},
		{
			"Name": "Base_HumanRFinger41",
			"Index": 42,
			"ParentIndex": 32,
			"InverseBindPose": {
				"Translation": [
					-95.33229064941406,
					193.9468994140625,
					6.757246017456055
				],
				"Scale": [
					1,
					1,
					1
				],
				"Rotation": [
					-0.998166024684906,
					0.019673680886626244,
					-0.05725112929940224,
					0.05737461894750595,
					0.005770696792751551,
					-0.9983358979225159,
					-0.019310560077428818,
					-0.9997897744178772,
					-0.006888884119689465
				]
			}
		},
		{
			"Name": "Base_HumanRFinger42",
			"Index": 43,
			"ParentIndex": 42,
			"InverseBindPose": {
				"Translation": [
					-90.12812805175781,
					199.15750122070312,
					7.005568981170654
				],
				"Scale": [
					1,
					1,
					1
				],
				"Rotation": [
					-0.9936133027076721,
					0.016707809641957283,
					-0.11159549653530121,
					0.11168409883975983,
					0.004465099889785051,
					-0.9937335848808289,
					-0.016104819253087044,
					-0.9998505115509033,
					-0.0063025797717273235
				]
			}
		},
		{
			"Name": "Base_HumanRFinger43",
			"Index": 44,
			"ParentIndex": 43,
			"InverseBindPose": {
				"Translation": [
					-166.8428955078125,
					144.9633026123047,
					3.2329819202423096
				],
				"Scale": [
					1,
					1,
					1
				],
				"Rotation": [
					-0.9560474753379822,
					0.03245282173156738,
					0.2914094924926758,
					-0.2913573086261749,
					0.006431994028389454,
					-0.9565926194190979,
					-0.032918479293584824,
					-0.9994524717330933,
					0.0033060749992728233
				]
			}
		},
		{
			"Name": "Base_HumanHead",
			"Index": 45,
			"ParentIndex": 12,
			"InverseBindPose": {
				"Translation": [
					-214.45140075683594,
					9.676624298095703,
					-0.016718659549951553
				],
				"Scale": [
					1,
					1,
					1
				],
				"Rotation": [
					0,
					0,
					1,
					-5.97383973399701e-8,
					-1,
					0,
					1,
					-5.97383973399701e-8,
					0
				]
			}
		}
	]
}