{
  "OptimizeVertexCache" : true,
  "UseCompression" : true,
  "CompressedVertsRange" : 16383,
  "CompressedColorsRange" : 16383,
  "CompressedUnitVectorRange" : 16383,
  "Materials" : [ {
    "Profile" : "COMMON",
    "Technique" : "phong",
    "MaterialName" : "Diffuse_Texture-diffuse-Material",
    "AmbientColor" : "#000000ff",
    "DiffuseColor" : "#ccccccff",
    "EmissiveColor" : "#000000ff",
    "SpecularColor" : "#000000ff",
    "Shininess" : 0.0,
    "UsesTransparency" : false,
    "TextureEntries" : [ {
      "Slot" : "diffuse",
      "TextureReference" : "Diffuse_Texture-sampler",
      "TextureSource" : "cmodel_tmp_texture_1158357536.jpg"
    } ]
  } ],
  "Skeletons" : [ {
    "ref" : "Skeleton0",
    "Name" : "Hips_skeleton",
    "Joints" : [ {
      "Name" : "Hips",
      "Index" : 0,
      "ParentIndex" : -32768,
      "InverseBindPose" : {
        "Translation" : [ -5.390102863311768, -92.49932098388672, 11.146443367004395 ],
        "Scale" : [ 1.0, 1.0, 1.0 ],
        "Rotation" : [ 0.9875940084457397, 0.0038330000825226307, -0.15698499977588654, 0.0038330000825226307, 0.9988160133361816, 0.04850099980831146, 0.15698499977588654, -0.04850099980831146, 0.9864090085029602 ]
      }
    }, {
      "Name" : "Spine",
      "Index" : 1,
      "ParentIndex" : 0,
      "InverseBindPose" : {
        "Translation" : [ -4.538786888122559, -102.44123077392578, 7.300541877746582 ],
        "Scale" : [ 1.0, 1.0, 1.0 ],
        "Rotation" : [ 0.9875519871711731, -0.004488000180572271, -0.1572279930114746, 0.006147000007331371, 0.9999300241470337, 0.010068999603390694, 0.15717199444770813, -0.01090999972075224, 0.9875109791755676 ]
      }
    }, {
      "Name" : "Spine1",
      "Index" : 2,
      "ParentIndex" : 1,
      "InverseBindPose" : {
        "Translation" : [ -5.594976902008057, -118.79402923583984, 15.06194019317627 ],
        "Scale" : [ 1.0, 1.0, 1.0 ],
        "Rotation" : [ 0.9876130223274231, 0.004360999912023544, -0.1568479984998703, 0.007615999784320593, 0.9971029758453369, 0.07568000257015228, 0.1567240059375763, -0.07593700289726257, 0.9847189784049988 ]
      }
    }, {
      "Name" : "Spine2",
      "Index" : 3,
      "ParentIndex" : 2,
      "InverseBindPose" : {
        "Translation" : [ -5.594976902008057, -134.20526123046875, 15.061941146850586 ],
        "Scale" : [ 1.0, 1.0, 1.0 ],
        "Rotation" : [ 0.9876130223274231, 0.004360999912023544, -0.1568479984998703, 0.007615999784320593, 0.9971029758453369, 0.07568000257015228, 0.1567240059375763, -0.07593700289726257, 0.9847189784049988 ]
      }
    }, {
      "Name" : "Neck",
      "Index" : 4,
      "ParentIndex" : 3,
      "InverseBindPose" : {
        "Translation" : [ -4.644363880157471, -146.57603454589844, 27.886438369750977 ],
        "Scale" : [ 1.0, 1.0, 1.0 ],
        "Rotation" : [ 0.9872559905052185, -0.00216599996201694, -0.1591230034828186, 0.030820999294519424, 0.9835770130157471, 0.17783799767494202, 0.1561249941587448, -0.18047599494457245, 0.9711089730262756 ]
      }
    }, {
      "Name" : "Neck1",
      "Index" : 5,
      "ParentIndex" : 4,
      "InverseBindPose" : {
        "Translation" : [ -4.968677043914795, -152.37615966796875, 13.981586456298828 ],
        "Scale" : [ 1.0, 1.0, 1.0 ],
        "Rotation" : [ 0.9873809814453125, -4.999999873689376E-5, -0.15836399793624878, 0.015138000249862671, 0.9954500198364258, 0.09407500177621841, 0.15763899683952332, -0.09528499841690063, 0.9828889966011047 ]
      }
    }, {
      "Name" : "Head",
      "Index" : 6,
      "ParentIndex" : 5,
      "InverseBindPose" : {
        "Translation" : [ -5.128769874572754, -156.4508514404297, 10.100323677062988 ],
        "Scale" : [ 1.0, 1.0, 1.0 ],
        "Rotation" : [ 0.9873949885368347, 9.710000013001263E-4, -0.15827199816703796, 0.011039000004529953, 0.9971240162849426, 0.07498300075531006, 0.15789000689983368, -0.07578500360250473, 0.9845439791679382 ]
      }
    }, {
      "Name" : "HeadTop_End",
      "Index" : 7,
      "ParentIndex" : 6,
      "InverseBindPose" : {
        "Translation" : [ 6.603763719633585, -167.4457986892084, -1.258497631097999 ],
        "Scale" : [ 1.0, 1.0, 1.0 ],
        "Rotation" : [ 0.9977723253324823, -0.06241702703996201, 0.023521945397059152, 0.05793764912188477, 0.9857284451310019, 0.15805961797491822, -0.03305154026485345, -0.15634394982310462, 0.9871495457251409 ]
      }
    }, {
      "Name" : "LeftShoulder",
      "Index" : 8,
      "ParentIndex" : 3,
      "InverseBindPose" : {
        "Translation" : [ 25.249574661254883, -140.1448211669922, 11.770639419555664 ],
        "Scale" : [ 1.0, 1.0, 1.0 ],
        "Rotation" : [ 0.9403049945831299, -0.2531279921531677, -0.2274940013885498, 0.25975000858306885, 0.9656760096549988, -8.590000215917826E-4, 0.21990300714969635, -0.0582830011844635, 0.973779022693634 ]
      }
    }, {
      "Name" : "LeftArm",
      "Index" : 9,
      "ParentIndex" : 8,
      "InverseBindPose" : {
        "Translation" : [ 118.90242004394531, -71.82286834716797, 11.484257698059082 ],
        "Scale" : [ 1.0, 1.0, 1.0 ],
        "Rotation" : [ 0.3611440062522888, -0.9255040287971497, -0.11409500241279602, 0.9102680087089539, 0.376444011926651, -0.17234200239181519, 0.20245300233364105, -0.04161699861288071, 0.9784070253372192 ]
      }
    }, {
      "Name" : "LeftForeArm",
      "Index" : 10,
      "ParentIndex" : 9,
      "InverseBindPose" : {
        "Translation" : [ 89.13768005371094, -79.64414978027344, -14.326536178588867 ],
        "Scale" : [ 1.0, 1.0, 1.0 ],
        "Rotation" : [ 0.47830599546432495, -0.8659629821777344, 0.14605200290679932, 0.8744300007820129, 0.4542439877986908, -0.17039500176906586, 0.08121199905872345, 0.2092130035161972, 0.9744920134544373 ]
      }
    }, {
      "Name" : "LeftHand",
      "Index" : 11,
      "ParentIndex" : 10,
      "InverseBindPose" : {
        "Translation" : [ 69.7605972290039, -75.26981353759766, -7.17112398147583 ],
        "Scale" : [ 1.0, 1.0, 1.0 ],
        "Rotation" : [ 0.40487998723983765, -0.910315990447998, 0.08600600063800812, 0.9102479815483093, 0.3923479914665222, -0.13233299553394318, 0.08672100305557251, 0.131865993142128, 0.9874669909477234 ]
      }
    }, {
      "Name" : "LeftHandThumb1",
      "Index" : 12,
      "ParentIndex" : 11,
      "InverseBindPose" : {
        "Translation" : [ 46.19681930541992, -87.66117095947266, -17.40357208251953 ],
        "Scale" : [ 1.0, 1.0, 1.0 ],
        "Rotation" : [ 0.614296019077301, -0.7882069945335388, -0.037004001438617706, 0.7497609853744507, 0.5976660251617432, -0.2839969992637634, 0.24596500396728516, 0.1467140018939972, 0.9581109881401062 ]
      }
    }, {
      "Name" : "LeftHandThumb2",
      "Index" : 13,
      "ParentIndex" : 12,
      "InverseBindPose" : {
        "Translation" : [ 32.474491119384766, -87.63060760498047, -28.338857650756836 ],
        "Scale" : [ 1.0, 1.0, 1.0 ],
        "Rotation" : [ 0.6998479962348938, -0.7139549851417542, -0.021936999633908272, 0.6630370020866394, 0.6607469916343689, -0.35184401273727417, 0.2656950056552887, 0.23169299960136414, 0.9358019828796387 ]
      }
    }, {
      "Name" : "LeftHandThumb3",
      "Index" : 14,
      "ParentIndex" : 13,
      "InverseBindPose" : {
        "Translation" : [ 35.675418853759766, -85.76590728759766, -23.865009307861328 ],
        "Scale" : [ 1.0, 1.0, 1.0 ],
        "Rotation" : [ 0.642524003982544, -0.7520970106124878, -0.1466750055551529, 0.6792740225791931, 0.6476320028305054, -0.345196008682251, 0.35461199283599854, 0.12216400355100632, 0.9269980192184448 ]
      }
    }, {
      "Name" : "LeftHandThumb4_End",
      "Index" : 15,
      "ParentIndex" : 14,
      "InverseBindPose" : {
        "Translation" : [ 42.19269783412008, -67.3186141271595, -71.10909791117689 ],
        "Scale" : [ 1.0, 1.0, 1.0 ],
        "Rotation" : [ 0.16830553148298283, -0.6058736183736657, 0.7775519882194676, 0.8976529563342832, 0.4201328048975421, 0.13306827602396948, -0.40729729259483394, 0.6755752771399888, 0.6145778103664264 ]
      }
    }, {
      "Name" : "LeftHandIndex1",
      "Index" : 16,
      "ParentIndex" : 11,
      "InverseBindPose" : {
        "Translation" : [ 61.545894622802734, -73.16889953613281, -12.653565406799316 ],
        "Scale" : [ 1.0, 1.0, 1.0 ],
        "Rotation" : [ 0.3863239884376526, -0.9124150276184082, 0.1351040005683899, 0.9194300174713135, 0.369269996881485, -0.135234996676445, 0.07349999994039536, 0.17646299302577972, 0.9815589785575867 ]
      }
    }, {
      "Name" : "LeftHandIndex2",
      "Index" : 17,
      "ParentIndex" : 16,
      "InverseBindPose" : {
        "Translation" : [ 54.504417419433594, -73.13188934326172, -17.93487548828125 ],
        "Scale" : [ 1.0, 1.0, 1.0 ],
        "Rotation" : [ 0.4040380120277405, -0.8909019827842712, 0.20747500658035278, 0.913004994392395, 0.3787910044193268, -0.15145699679851532, 0.05634399875998497, 0.2506209909915924, 0.9664440155029297 ]
      }
    }, {
      "Name" : "LeftHandIndex3",
      "Index" : 18,
      "ParentIndex" : 17,
      "InverseBindPose" : {
        "Translation" : [ 56.47996520996094, -69.28591918945312, -11.56806755065918 ],
        "Scale" : [ 1.0, 1.0, 1.0 ],
        "Rotation" : [ 0.33969399333000183, -0.9332619905471802, 0.11675100028514862, 0.9369530081748962, 0.324957013130188, -0.12853699922561646, 0.08201999962329865, 0.15305399894714355, 0.9848080277442932 ]
      }
    }, {
      "Name" : "LeftHandIndex4_End",
      "Index" : 19,
      "ParentIndex" : 18,
      "InverseBindPose" : {
        "Translation" : [ -6.628717020820789, 60.471203945089805, -84.39111819941886 ],
        "Scale" : [ 1.0, 1.0, 1.0 ],
        "Rotation" : [ -0.3693867173869894, 0.2595873523043238, -0.89228017643288, -0.8732141945660536, -0.42542055183384714, 0.2377268568942276, -0.31788277482755545, 0.866963977168133, 0.3838230803297741 ]
      }
    }, {
      "Name" : "LeftHandMiddle1",
      "Index" : 20,
      "ParentIndex" : 11,
      "InverseBindPose" : {
        "Translation" : [ 61.96403884887695, -72.60195922851562, -10.491195678710938 ],
        "Scale" : [ 1.0, 1.0, 1.0 ],
        "Rotation" : [ 0.38016200065612793, -0.9149510264396667, 0.13543200492858887, 0.921970009803772, 0.363180011510849, -0.1344289928674698, 0.07381000369787216, 0.17596900463104248, 0.9816250205039978 ]
      }
    }, {
      "Name" : "LeftHandMiddle2",
      "Index" : 21,
      "ParentIndex" : 20,
      "InverseBindPose" : {
        "Translation" : [ 55.16083908081055, -72.98902130126953, -13.61707592010498 ],
        "Scale" : [ 1.0, 1.0, 1.0 ],
        "Rotation" : [ 0.4008980095386505, -0.8988329768180847, 0.17714500427246094, 0.9139289855957031, 0.3790169954299927, -0.14518800377845764, 0.06335800141096115, 0.22010299563407898, 0.9734169840812683 ]
      }
    }, {
      "Name" : "LeftHandMiddle3",
      "Index" : 22,
      "ParentIndex" : 21,
      "InverseBindPose" : {
        "Translation" : [ 52.2144775390625, -71.55548858642578, -12.148406982421875 ],
        "Scale" : [ 1.0, 1.0, 1.0 ],
        "Rotation" : [ 0.38765400648117065, -0.9076150059700012, 0.16112099587917328, 0.9193940162658691, 0.36805400252342224, -0.1387459933757782, 0.06662700325250626, 0.20191900432109833, 0.9771329760551453 ]
      }
    }, {
      "Name" : "LeftHandMiddle4_End",
      "Index" : 23,
      "ParentIndex" : 22,
      "InverseBindPose" : {
        "Translation" : [ -9.845563516801283, 60.23438929101627, -82.22392969561814 ],
        "Scale" : [ 1.0, 1.0, 1.0 ],
        "Rotation" : [ -0.4000066374685084, 0.28939447843195476, -0.8696226831421805, -0.8680133989005226, -0.42418711397067926, 0.25810259408504305, -0.2941878138508883, 0.8580857305557753, 0.42087818260878984 ]
      }
    }, {
      "Name" : "LeftHandRing1",
      "Index" : 24,
      "ParentIndex" : 11,
      "InverseBindPose" : {
        "Translation" : [ 60.79978561401367, -73.12199401855469, -10.46551513671875 ],
        "Scale" : [ 1.0, 1.0, 1.0 ],
        "Rotation" : [ 0.3967370092868805, -0.9025070071220398, 0.1675730049610138, 0.9159730076789856, 0.37731701135635376, -0.13647300004959106, 0.059939999133348465, 0.2076359987258911, 0.9763680100440979 ]
      }
    }, {
      "Name" : "LeftHandRing2",
      "Index" : 25,
      "ParentIndex" : 24,
      "InverseBindPose" : {
        "Translation" : [ 58.67974090576172, -71.82403564453125, -8.764534950256348 ],
        "Scale" : [ 1.0, 1.0, 1.0 ],
        "Rotation" : [ 0.37808600068092346, -0.91389399766922, 0.14781199395656586, 0.9232969880104065, 0.36057400703430176, -0.13232600688934326, 0.06763499975204468, 0.1865050047636032, 0.980122983455658 ]
      }
    }, {
      "Name" : "LeftHandRing3",
      "Index" : 26,
      "ParentIndex" : 25,
      "InverseBindPose" : {
        "Translation" : [ 54.23493576049805, -71.61184692382812, -9.449461936950684 ],
        "Scale" : [ 1.0, 1.0, 1.0 ],
        "Rotation" : [ 0.38335999846458435, -0.9093499779701233, 0.16161000728607178, 0.9213690161705017, 0.36438098549842834, -0.13530099391937256, 0.06414800137281418, 0.2007720023393631, 0.9775360226631165 ]
      }
    }, {
      "Name" : "LeftHandRing4_End",
      "Index" : 27,
      "ParentIndex" : 26,
      "InverseBindPose" : {
        "Translation" : [ -23.469708700457495, 66.15316852183716, -73.33013592102245 ],
        "Scale" : [ 1.0, 1.0, 1.0 ],
        "Rotation" : [ -0.3402322817272978, 0.411064364172661, -0.8457336190466368, -0.8791015025196781, -0.45830831000133015, 0.1308957333516273, -0.3337996621358431, 0.7880188912436151, 0.5173012037100833 ]
      }
    }, {
      "Name" : "LeftHandPinky1",
      "Index" : 28,
      "ParentIndex" : 11,
      "InverseBindPose" : {
        "Translation" : [ 60.572628021240234, -74.15827178955078, -9.988896369934082 ],
        "Scale" : [ 1.0, 1.0, 1.0 ],
        "Rotation" : [ 0.4146600067615509, -0.8925679922103882, 0.17714299261569977, 0.908312976360321, 0.39421799778938293, -0.13985900580883026, 0.054999999701976776, 0.21889500319957733, 0.9741969704627991 ]
      }
    }, {
      "Name" : "LeftHandPinky2",
      "Index" : 29,
      "ParentIndex" : 28,
      "InverseBindPose" : {
        "Translation" : [ 60.76485824584961, -70.88143157958984, -4.746915817260742 ],
        "Scale" : [ 1.0, 1.0, 1.0 ],
        "Rotation" : [ 0.36391499638557434, -0.9248260259628296, 0.11073700338602066, 0.9272649884223938, 0.34848400950431824, -0.1368889957666397, 0.08800800144672394, 0.1524990051984787, 0.9843770265579224 ]
      }
    }, {
      "Name" : "LeftHandPinky3",
      "Index" : 30,
      "ParentIndex" : 29,
      "InverseBindPose" : {
        "Translation" : [ 61.264671325683594, -67.35816955566406, -8.35538387298584 ],
        "Scale" : [ 1.0, 1.0, 1.0 ],
        "Rotation" : [ 0.3164829909801483, -0.9315699934959412, 0.1789270043373108, 0.9458169937133789, 0.29545700550079346, -0.13467000424861908, 0.07258900254964828, 0.2118529975414276, 0.9746019840240479 ]
      }
    }, {
      "Name" : "LeftHandPinky4_End",
      "Index" : 31,
      "ParentIndex" : 30,
      "InverseBindPose" : {
        "Translation" : [ -44.27675560498966, 56.076048081391946, -70.46319526471336 ],
        "Scale" : [ 1.0, 1.0, 1.0 ],
        "Rotation" : [ -0.09680006457817499, 0.5507501905638886, -0.8290357772662375, -0.9466609822123556, -0.30816153758843345, -0.09418423207705216, -0.30734789791735057, 0.7756972424459259, 0.5512069240830889 ]
      }
    }, {
      "Name" : "RightShoulder",
      "Index" : 32,
      "ParentIndex" : 3,
      "InverseBindPose" : {
        "Translation" : [ -34.42508316040039, -137.5563507080078, 13.066929817199707 ],
        "Scale" : [ 1.0, 1.0, 1.0 ],
        "Rotation" : [ 0.966048002243042, 0.2504279911518097, -0.06354299932718277, -0.24507400393486023, 0.9660729765892029, 0.08149699866771698, 0.08179599791765213, -0.06315699964761734, 0.9946460127830505 ]
      }
    }, {
      "Name" : "RightArm",
      "Index" : 33,
      "ParentIndex" : 32,
      "InverseBindPose" : {
        "Translation" : [ -118.68301391601562, -69.6838607788086, 12.738494873046875 ],
        "Scale" : [ 1.0, 1.0, 1.0 ],
        "Rotation" : [ 0.43206799030303955, 0.9018409848213196, -9.57000011112541E-4, -0.896170973777771, 0.4294700026512146, 0.11150699853897095, 0.10097300261259079, -0.04732099920511246, 0.9937630295753479 ]
      }
    }, {
      "Name" : "RightForeArm",
      "Index" : 34,
      "ParentIndex" : 33,
      "InverseBindPose" : {
        "Translation" : [ -94.10092163085938, -71.2273178100586, -13.453866004943848 ],
        "Scale" : [ 1.0, 1.0, 1.0 ],
        "Rotation" : [ 0.4004630148410797, 0.8747140169143677, -0.2729560136795044, -0.8901900053024292, 0.44200599193573, 0.11042200028896332, 0.2172359973192215, 0.19876299798488617, 0.9556679725646973 ]
      }
    }, {
      "Name" : "RightHand",
      "Index" : 35,
      "ParentIndex" : 34,
      "InverseBindPose" : {
        "Translation" : [ -70.90251159667969, -70.34306335449219, -1.8995850086212158 ],
        "Scale" : [ 1.0, 1.0, 1.0 ],
        "Rotation" : [ 0.39924800395965576, 0.8964269757270813, -0.1924079954624176, -0.8794180154800415, 0.43377000093460083, 0.19613300263881683, 0.2592799961566925, 0.09090100228786469, 0.9615150094032288 ]
      }
    }, {
      "Name" : "RightHandThumb1",
      "Index" : 36,
      "ParentIndex" : 35,
      "InverseBindPose" : {
        "Translation" : [ -47.32781219482422, -84.75887298583984, -10.96140193939209 ],
        "Scale" : [ 1.0, 1.0, 1.0 ],
        "Rotation" : [ 0.6404489874839783, 0.7580429911613464, -0.12327100336551666, -0.7644320130348206, 0.6446629762649536, -0.007278000004589558, 0.07395099848508835, 0.09889400005340576, 0.9923459887504578 ]
      }
    }, {
      "Name" : "RightHandThumb2",
      "Index" : 37,
      "ParentIndex" : 36,
      "InverseBindPose" : {
        "Translation" : [ -40.694583892822266, -81.72117614746094, -24.67776107788086 ],
        "Scale" : [ 1.0, 1.0, 1.0 ],
        "Rotation" : [ 0.638027012348175, 0.7305150032043457, -0.24345099925994873, -0.7635520100593567, 0.6410930156707764, -0.07738400250673294, 0.09954400360584259, 0.2352599948644638, 0.966821014881134 ]
      }
    }, {
      "Name" : "RightHandThumb3",
      "Index" : 38,
      "ParentIndex" : 37,
      "InverseBindPose" : {
        "Translation" : [ -42.56968688964844, -79.28328704833984, -22.10582733154297 ],
        "Scale" : [ 1.0, 1.0, 1.0 ],
        "Rotation" : [ 0.6040859818458557, 0.764851987361908, -0.2237890064716339, -0.7893689870834351, 0.6128489971160889, -0.03623099997639656, 0.10943800210952759, 0.19853900372982025, 0.9739639759063721 ]
      }
    }, {
      "Name" : "RightHandThumb4_End",
      "Index" : 39,
      "ParentIndex" : 38,
      "InverseBindPose" : {
        "Translation" : [ -53.82144056893546, -57.888531735144795, -61.71366254651398 ],
        "Scale" : [ 1.0, 1.0, 1.0 ],
        "Rotation" : [ -0.06223236067271706, 0.7863751461698364, -0.6146021084532987, -0.8520012950675693, 0.2788724769610538, 0.4430837786155556, 0.5198256253765062, 0.5512183315352863, 0.6526397264919699 ]
      }
    }, {
      "Name" : "RightHandIndex1",
      "Index" : 40,
      "ParentIndex" : 35,
      "InverseBindPose" : {
        "Translation" : [ -62.15106201171875, -68.95061492919922, -7.731215953826904 ],
        "Scale" : [ 1.0, 1.0, 1.0 ],
        "Rotation" : [ 0.37043800950050354, 0.8983979821205139, -0.23591600358486176, -0.8883870244026184, 0.4168339967727661, 0.19240200519561768, 0.2711920142173767, 0.13831199705600739, 0.9525359869003296 ]
      }
    }, {
      "Name" : "RightHandIndex2",
      "Index" : 41,
      "ParentIndex" : 40,
      "InverseBindPose" : {
        "Translation" : [ -55.257450103759766, -69.05266571044922, -12.985907554626465 ],
        "Scale" : [ 1.0, 1.0, 1.0 ],
        "Rotation" : [ 0.3682740032672882, 0.8779259920120239, -0.30597299337387085, -0.8859059810638428, 0.4312080144882202, 0.17096999287605286, 0.28203698992729187, 0.20809899270534515, 0.9365630149841309 ]
      }
    }, {
      "Name" : "RightHandIndex3",
      "Index" : 42,
      "ParentIndex" : 41,
      "InverseBindPose" : {
        "Translation" : [ -53.136451721191406, -67.38011169433594, -9.66474723815918 ],
        "Scale" : [ 1.0, 1.0, 1.0 ],
        "Rotation" : [ 0.36726200580596924, 0.8946220278739929, -0.25449898838996887, -0.8890759944915771, 0.41804200410842896, 0.18650799989700317, 0.2732450067996979, 0.1577720046043396, 0.9489179849624634 ]
      }
    }, {
      "Name" : "RightHandIndex4_End",
      "Index" : 43,
      "ParentIndex" : 42,
      "InverseBindPose" : {
        "Translation" : [ 18.31958991078093, 63.534728241712735, -74.11158417866436 ],
        "Scale" : [ 1.0, 1.0, 1.0 ],
        "Rotation" : [ -0.1028295443714851, -0.4621222409084792, 0.8808331191711575, 0.8897656909593893, -0.4386098987666043, -0.1262432034069207, 0.44468210386855134, 0.7707545819521133, 0.45628393487819 ]
      }
    }, {
      "Name" : "RightHandMiddle1",
      "Index" : 44,
      "ParentIndex" : 35,
      "InverseBindPose" : {
        "Translation" : [ -62.39340591430664, -68.35261535644531, -5.673601150512695 ],
        "Scale" : [ 1.0, 1.0, 1.0 ],
        "Rotation" : [ 0.36572301387786865, 0.9002950191497803, -0.23604199290275574, -0.8902609944343567, 0.41235101222991943, 0.1933950036764145, 0.27144500613212585, 0.13941000401973724, 0.9523040056228638 ]
      }
    }, {
      "Name" : "RightHandMiddle2",
      "Index" : 45,
      "ParentIndex" : 44,
      "InverseBindPose" : {
        "Translation" : [ -55.96259689331055, -68.57128143310547, -8.630592346191406 ],
        "Scale" : [ 1.0, 1.0, 1.0 ],
        "Rotation" : [ 0.3723120093345642, 0.8859360218048096, -0.2765890061855316, -0.8856149911880493, 0.4282650053501129, 0.17965400218963623, 0.2776150107383728, 0.1780640035867691, 0.9440460205078125 ]
      }
    }, {
      "Name" : "RightHandMiddle3",
      "Index" : 46,
      "ParentIndex" : 45,
      "InverseBindPose" : {
        "Translation" : [ -52.133514404296875, -67.08169555664062, -10.521750450134277 ],
        "Scale" : [ 1.0, 1.0, 1.0 ],
        "Rotation" : [ 0.35650700330734253, 0.8834570050239563, -0.30398398637771606, -0.8901799917221069, 0.4199869930744171, 0.17660599946975708, 0.28369298577308655, 0.20763899385929108, 0.9361640214920044 ]
      }
    }, {
      "Name" : "RightHandMiddle4_End",
      "Index" : 47,
      "ParentIndex" : 46,
      "InverseBindPose" : {
        "Translation" : [ 25.07445191471394, 55.67333664645286, -77.04960308131396 ],
        "Scale" : [ 1.0, 1.0, 1.0 ],
        "Rotation" : [ -0.1148421526101289, -0.5157134004570134, 0.849028071939731, 0.930850407679383, -0.35431456540255335, -0.08930862527408427, 0.346882110474712, 0.7800628796625974, 0.5207441480415474 ]
      }
    }, {
      "Name" : "RightHandRing1",
      "Index" : 48,
      "ParentIndex" : 35,
      "InverseBindPose" : {
        "Translation" : [ -61.168121337890625, -69.01546478271484, -5.9217448234558105 ],
        "Scale" : [ 1.0, 1.0, 1.0 ],
        "Rotation" : [ 0.37283700704574585, 0.8862730264663696, -0.2747960090637207, -0.883355975151062, 0.4296700060367584, 0.18725700676441193, 0.28403300046920776, 0.17292700707912445, 0.9430919885635376 ]
      }
    }, {
      "Name" : "RightHandRing2",
      "Index" : 49,
      "ParentIndex" : 48,
      "InverseBindPose" : {
        "Translation" : [ -59.35215377807617, -67.14318084716797, -3.5608489513397217 ],
        "Scale" : [ 1.0, 1.0, 1.0 ],
        "Rotation" : [ 0.3594050109386444, 0.9018779993057251, -0.23967599868774414, -0.8914589881896973, 0.4077579975128174, 0.1975719928741455, 0.2759149968624115, 0.14265300333499908, 0.9505370259284973 ]
      }
    }, {
      "Name" : "RightHandRing3",
      "Index" : 50,
      "ParentIndex" : 49,
      "InverseBindPose" : {
        "Translation" : [ -54.883243560791016, -66.76953887939453, -5.65268611907959 ],
        "Scale" : [ 1.0, 1.0, 1.0 ],
        "Rotation" : [ 0.3536050021648407, 0.8937609791755676, -0.2759610116481781, -0.8905349969863892, 0.41192999482154846, 0.19303199648857117, 0.28620100021362305, 0.17749600112438202, 0.9415860176086426 ]
      }
    }, {
      "Name" : "RightHandRing4_End",
      "Index" : 51,
      "ParentIndex" : 50,
      "InverseBindPose" : {
        "Translation" : [ 42.16658423550682, 50.58731109825285, -71.76702621574105 ],
        "Scale" : [ 1.0, 1.0, 1.0 ],
        "Rotation" : [ -0.0010517736598763079, -0.6523411018803519, 0.75792267195749, 0.9431265186205794, -0.2526023042322796, -0.2161068403750124, 0.33242907077919975, 0.7145915590563253, 0.6155081241375326 ]
      }
    }, {
      "Name" : "RightHandPinky1",
      "Index" : 52,
      "ParentIndex" : 35,
      "InverseBindPose" : {
        "Translation" : [ -60.99783706665039, -70.10304260253906, -5.343602180480957 ],
        "Scale" : [ 1.0, 1.0, 1.0 ],
        "Rotation" : [ 0.3871000111103058, 0.8754450082778931, -0.2893950045108795, -0.8756430149078369, 0.44735199213027954, 0.182001993060112, 0.28879401087760925, 0.18295399844646454, 0.9397479891777039 ]
      }
    }, {
      "Name" : "RightHandPinky2",
      "Index" : 53,
      "ParentIndex" : 52,
      "InverseBindPose" : {
        "Translation" : [ -61.14977264404297, -66.1177749633789, 0.28858599066734314 ],
        "Scale" : [ 1.0, 1.0, 1.0 ],
        "Rotation" : [ 0.3574939966201782, 0.911037027835846, -0.20544999837875366, -0.8969190120697021, 0.39622700214385986, 0.19631800055503845, 0.2602570056915283, 0.1140889972448349, 0.958774983882904 ]
      }
    }, {
      "Name" : "RightHandPinky3",
      "Index" : 54,
      "ParentIndex" : 53,
      "InverseBindPose" : {
        "Translation" : [ -55.862083435058594, -67.71722412109375, -3.2337570190429688 ],
        "Scale" : [ 1.0, 1.0, 1.0 ],
        "Rotation" : [ 0.37468498945236206, 0.889989972114563, -0.2598620057106018, -0.8886659741401672, 0.42465299367904663, 0.17304100096225739, 0.26435598731040955, 0.16609400510787964, 0.9500150084495544 ]
      }
    }, {
      "Name" : "RightHandPinky4_End",
      "Index" : 55,
      "ParentIndex" : 54,
      "InverseBindPose" : {
        "Translation" : [ 62.97133539863022, 26.076720999051716, -68.87490006660978 ],
        "Scale" : [ 1.0, 1.0, 1.0 ],
        "Rotation" : [ 0.36010987003069456, -0.7304499663710355, 0.5803088418980574, 0.8889695868967978, 0.0800282347486833, -0.45091700968059023, 0.2829320043570715, 0.6782604102598885, 0.6781693377849708 ]
      }
    }, {
      "Name" : "LeftUpLeg",
      "Index" : 56,
      "ParentIndex" : 0,
      "InverseBindPose" : {
        "Translation" : [ -11.715290069580078, -90.17137145996094, 10.940200805664062 ],
        "Scale" : [ 1.0, 1.0, 1.0 ],
        "Rotation" : [ 0.9858059883117676, -0.05266600102186203, -0.15941199660301208, 0.059321001172065735, 0.9975429773330688, 0.037278998643159866, 0.1570570021867752, -0.0462069995701313, 0.9865080118179321 ]
      }
    }, {
      "Name" : "LeftLeg",
      "Index" : 57,
      "ParentIndex" : 56,
      "InverseBindPose" : {
        "Translation" : [ -14.446128845214844, -49.06294631958008, 14.906315803527832 ],
        "Scale" : [ 1.0, 1.0, 1.0 ],
        "Rotation" : [ 0.9877790212631226, 0.0015979999443516135, -0.1558550000190735, 0.017990000545978546, 0.9920949935913086, 0.12418899685144424, 0.15482200682163239, -0.12547500431537628, 0.9799420237541199 ]
      }
    }, {
      "Name" : "LeftFoot",
      "Index" : 58,
      "ParentIndex" : 57,
      "InverseBindPose" : {
        "Translation" : [ -17.03066062927246, -12.278116226196289, 11.32182788848877 ],
        "Scale" : [ 1.0, 1.0, 1.0 ],
        "Rotation" : [ 0.9441109895706177, 0.023610999807715416, -0.32877999544143677, 0.006227000150829554, 0.9959759712219238, 0.08940699696540833, 0.3295679986476898, -0.0864579975605011, 0.9401649832725525 ]
      }
    }, {
      "Name" : "LeftToeBase",
      "Index" : 59,
      "ParentIndex" : 58,
      "InverseBindPose" : {
        "Translation" : [ -16.42292022705078, -0.5781919956207275, 3.9918930530548096 ],
        "Scale" : [ 1.0, 1.0, 1.0 ],
        "Rotation" : [ 0.9954230189323425, 0.0024580000899732113, -0.09553200006484985, 0.0060350000858306885, 0.9960569739341736, 0.0885080024600029, 0.09537199884653091, -0.08867999911308289, 0.9914839863777161 ]
      }
    }, {
      "Name" : "LeftFootToeBase_End",
      "Index" : 60,
      "ParentIndex" : 59,
      "InverseBindPose" : {
        "Translation" : [ -11.123578808747537, -1.3980240174219727, 10.993846054435714 ],
        "Scale" : [ 1.0, 1.0, 1.0 ],
        "Rotation" : [ 0.9885033145670666, 0.053087962521360735, -0.1415704777532154, 0.07784313138820118, 0.6240030813212191, 0.7775341978188149, 0.12961794324533726, -0.7796164422618577, 0.6126977790347772 ]
      }
    }, {
      "Name" : "RightUpLeg",
      "Index" : 61,
      "ParentIndex" : 0,
      "InverseBindPose" : {
        "Translation" : [ 1.5771210193634033, -89.57266235351562, 10.826380729675293 ],
        "Scale" : [ 1.0, 1.0, 1.0 ],
        "Rotation" : [ 0.9865689873695374, 0.053047001361846924, -0.15449200570583344, -0.04539500176906586, 0.9975810050964355, 0.05264899879693985, 0.1569110006093979, -0.04492900148034096, 0.9865900278091431 ]
      }
    }, {
      "Name" : "RightLeg",
      "Index" : 62,
      "ParentIndex" : 61,
      "InverseBindPose" : {
        "Translation" : [ 4.0478620529174805, -49.017173767089844, 14.824729919433594 ],
        "Scale" : [ 1.0, 1.0, 1.0 ],
        "Rotation" : [ 0.9872769713401794, 0.0034860000014305115, -0.1589689999818802, 0.016475999727845192, 0.9921349883079529, 0.12408100068569183, 0.1581519991159439, -0.12512099742889404, 0.9794549942016602 ]
      }
    }, {
      "Name" : "RightFoot",
      "Index" : 63,
      "ParentIndex" : 62,
      "InverseBindPose" : {
        "Translation" : [ 6.558603763580322, -12.347394943237305, 13.100686073303223 ],
        "Scale" : [ 1.0, 1.0, 1.0 ],
        "Rotation" : [ 0.9992870092391968, -0.021050000563263893, 0.031328000128269196, 0.01822499930858612, 0.9959629774093628, 0.0878949984908104, -0.033052001148462296, -0.08726199716329575, 0.9956369996070862 ]
      }
    }, {
      "Name" : "RightToeBase",
      "Index" : 64,
      "ParentIndex" : 63,
      "InverseBindPose" : {
        "Translation" : [ 6.737854957580566, -0.6478239893913269, 1.606732964515686 ],
        "Scale" : [ 1.0, 1.0, 1.0 ],
        "Rotation" : [ 0.9990249872207642, -0.02168400026857853, 0.03845899924635887, 0.018275000154972076, 0.996051013469696, 0.08688399940729141, -0.040192000567913055, -0.08609600365161896, 0.9954760074615479 ]
      }
    }, {
      "Name" : "RightFootToeBase_End",
      "Index" : 65,
      "ParentIndex" : 64,
      "InverseBindPose" : {
        "Translation" : [ 8.092027247894737, -1.0143065647363587, -7.396999519717788 ],
        "Scale" : [ 1.0, 1.0, 1.0 ],
        "Rotation" : [ 0.9736840388815391, -0.015010860035945928, -0.2274078756071682, 0.013842403684543082, 0.9998816689304537, -0.006735170671743729, 0.22748113935395928, 0.0034110470581841246, 0.9737768993417438 ]
      }
    } ]
  } ],
  "SkeletonPoses" : [ {
    "ref" : "SkeletonPose0",
    "Skeleton" : "Skeleton0"
  } ],
  "Scene" : {
    "Type" : "Node",
    "Name" : "RootNode",
    "Transform" : {
      "Translation" : [ 0.0, 0.0, 0.0 ],
      "Scale" : [ 1.0, 1.0, 1.0 ],
      "Rotation" : [ 1.0, 0.0, 0.0, 0.0, 1.0, 0.0, 0.0, 0.0, 1.0 ]
    },
    "Children" : [ {
      "Type" : "Node",
      "Name" : "Mesh",
      "Transform" : {
        "Translation" : [ 0.0, 0.0, 0.0 ],
        "Scale" : [ 1.0, 1.0, 1.0 ],
        "Rotation" : [ 1.0, 0.0, 0.0, 0.0, 1.0, 0.0, 0.0, 0.0, 1.0 ]
      },
      "Children" : [ {
        "Type" : "Node",
        "Name" : "MeshMesh",
        "Transform" : {
          "Translation" : [ 0.0, 0.0, 0.0 ],
          "Scale" : [ 1.0, 1.0, 1.0 ],
          "Rotation" : [ 1.0, 0.0, 0.0, 0.0, 1.0, 0.0, 0.0, 0.0, 1.0 ]
        },
        "Children" : [ {
          "Type" : "SkinnedMesh",
          "Name" : "MeshMesh[Diffuse_Texture-diffuse-MaterialSG]",
          "Transform" : {
            "Translation" : [ 0.0, 0.0, 0.0 ],
            "Scale" : [ 1.0, 1.0, 1.0 ],
            "Rotation" : [ 1.0, 0.0, 0.0, 0.0, 1.0, 0.0, 0.0, 0.0, 1.0 ]
          },
          "Material" : "Diffuse_Texture-diffuse-Material",
          "MeshData" : {
            "VertexCount" : 6762,
            "VertexOffsets" : {
              "xOffset" : -3647.868,
              "yOffset" : 5.182377,
              "zOffset" : -2161.164
            },
            "VertexScale" : 0.01074103,
